A tree of 10 random numbers: 

Pre order : 1660 306 282 880 6289 3859 2102 4274 9763 9677 
In order : 282 306 880 1660 2102 3859 4274 6289 9677 9763 
Post order : 282 880 306 2102 4274 3859 9677 9763 6289 1660 
The height of the tree is : 3


A tree of 50 random numbers:

Pre order : 3859 1657 880 306 282 300 320 307 753 433 1285 887 993 1413 2726 2102 1966 1660 1950 2082 2189 2623 2859 2781 3218 3092 3602 6289 5101 4113 4006 3954 4875 4274 4242 4644 5009 4893 5928 5462 5108 5771 5983 6105 9043 7312 7013 6513 6509 6855 7229 8547 8370 7592 8997 9677 9672 9763 9681 9781 
In order : 282 300 306 307 320 433 753 880 887 993 1285 1413 1657 1660 1950 1966 2082 2102 2189 2623 2726 2781 2859 3092 3218 3602 3859 3954 4006 4113 4242 4274 4644 4875 4893 5009 5101 5108 5462 5771 5928 5983 6105 6289 6509 6513 6855 7013 7229 7312 7592 8370 8547 8997 9043 9672 9677 9681 9763 9781 
Post order : 300 282 307 433 753 320 306 993 887 1413 1285 880 1950 1660 2082 1966 2623 2189 2102 2781 3092 3602 3218 2859 2726 1657 3954 4006 4242 4644 4274 4893 5009 4875 4113 5108 5771 5462 6105 5983 5928 5101 6509 6855 6513 7229 7013 7592 8370 8997 8547 7312 9672 9681 9781 9763 9677 9043 6289 3859 
The height of the tree is : 6


A tree of 200 random numbers:

Pre order : 3859 1657 635 306 163 59 38 21 70 225 171 166 210 282 266 237 300 305 433 320 307 506 454 501 590 555 619 880 753 719 681 648 722 872 808 1235 993 887 914 1024 1010 1174 1139 1226 1413 1285 1240 1290 1531 1475 1604 2726 2102 1966 1720 1692 1660 1694 1791 1752 1950 2082 1977 2057 2092 2084 2467 2406 2300 2189 2232 2350 2338 2426 2415 2447 2671 2584 2534 2623 2724 2722 3311 3092 2859 2788 2781 2809 2897 2893 2875 2978 2904 3034 3218 3145 3141 3111 3150 3187 3291 3231 3304 3602 3439 3340 3572 3530 3823 3639 3632 3781 3836 7810 6289 5101 4274 4006 3909 3893 3890 3899 3954 3992 4154 4113 4095 4115 4123 4242 4215 4875 4482 4436 4396 4457 4451 4644 4517 4491 4810 4848 5004 4939 4893 4907 4960 5045 5009 5059 5771 5462 5168 5108 5170 5262 5621 5578 5559 5649 5928 5838 5777 5826 5890 5983 5950 5934 5959 6042 5990 6194 6105 6206 7312 6855 6513 6453 6440 6382 6509 6464 6669 6576 6748 6737 7013 6937 6901 6971 6997 7221 7149 7132 7212 7229 7236 7702 7482 7469 7635 7592 7692 7742 7722 7725 7787 8547 8110 7980 7844 7816 7815 7957 8089 7990 8473 8370 8238 8169 8406 8410 8536 8544 9043 8725 8574 8548 8570 8665 8712 8893 8848 8783 8884 8972 8953 8997 9677 9432 9342 9071 9070 9213 9397 9352 9408 9472 9462 9672 9763 9720 9681 9758 9845 9781 9843 9959 9940 
In order : 21 38 59 70 163 166 171 210 225 237 266 282 300 305 306 307 320 433 454 501 506 555 590 619 635 648 681 719 722 753 808 872 880 887 914 993 1010 1024 1139 1174 1226 1235 1240 1285 1290 1413 1475 1531 1604 1657 1660 1692 1694 1720 1752 1791 1950 1966 1977 2057 2082 2084 2092 2102 2189 2232 2300 2338 2350 2406 2415 2426 2447 2467 2534 2584 2623 2671 2722 2724 2726 2781 2788 2809 2859 2875 2893 2897 2904 2978 3034 3092 3111 3141 3145 3150 3187 3218 3231 3291 3304 3311 3340 3439 3530 3572 3602 3632 3639 3781 3823 3836 3859 3890 3893 3899 3909 3954 3992 4006 4095 4113 4115 4123 4154 4215 4242 4274 4396 4436 4451 4457 4482 4491 4517 4644 4810 4848 4875 4893 4907 4939 4960 5004 5009 5045 5059 5101 5108 5168 5170 5262 5462 5559 5578 5621 5649 5771 5777 5826 5838 5890 5928 5934 5950 5959 5983 5990 6042 6105 6194 6206 6289 6382 6440 6453 6464 6509 6513 6576 6669 6737 6748 6855 6901 6937 6971 6997 7013 7132 7149 7212 7221 7229 7236 7312 7469 7482 7592 7635 7692 7702 7722 7725 7742 7787 7810 7815 7816 7844 7957 7980 7990 8089 8110 8169 8238 8370 8406 8410 8473 8536 8544 8547 8548 8570 8574 8665 8712 8725 8783 8848 8884 8893 8953 8972 8997 9043 9070 9071 9213 9342 9352 9397 9408 9432 9462 9472 9672 9677 9681 9720 9758 9763 9781 9843 9845 9940 9959 
Post order : 21 38 70 59 166 210 171 237 266 305 300 282 225 163 307 320 501 454 555 619 590 506 433 306 648 681 722 719 808 872 753 914 887 1010 1139 1226 1174 1024 993 1240 1290 1285 1475 1604 1531 1413 1235 880 635 1660 1694 1692 1752 1950 1791 1720 2057 1977 2084 2092 2082 1966 2232 2189 2338 2350 2300 2415 2447 2426 2406 2534 2623 2584 2722 2724 2671 2467 2102 2781 2809 2788 2875 2893 2904 3034 2978 2897 2859 3111 3141 3187 3150 3145 3231 3304 3291 3218 3092 3340 3530 3572 3439 3632 3781 3639 3836 3823 3602 3311 2726 1657 3890 3899 3893 3992 3954 3909 4095 4123 4115 4113 4215 4242 4154 4006 4396 4451 4457 4436 4491 4517 4848 4810 4644 4482 4907 4893 4960 4939 5009 5059 5045 5004 4875 4274 5108 5262 5170 5168 5559 5578 5649 5621 5462 5826 5777 5890 5838 5934 5959 5950 5990 6105 6206 6194 6042 5983 5928 5771 5101 6382 6440 6464 6509 6453 6576 6737 6748 6669 6513 6901 6997 6971 6937 7132 7212 7149 7236 7229 7221 7013 6855 7469 7592 7692 7635 7482 7725 7722 7787 7742 7702 7312 6289 7815 7816 7957 7844 7990 8089 7980 8169 8238 8410 8406 8370 8544 8536 8473 8110 8570 8548 8712 8665 8574 8783 8884 8848 8953 8997 8972 8893 8725 9070 9213 9071 9352 9408 9397 9342 9462 9672 9472 9432 9681 9758 9720 9843 9781 9940 9959 9845 9763 9677 9043 8547 7810 3859 
The height of the tree is : 9
